12.0038
0
0.439539
1.7195
1.68052
6.59963
4.44018
0
6.08
2.72589
0
0
53.3487
11.8531
90.3423
41.1935
41.7899
49.7531
13.7397
139.535
27.9492
160.714
28.6069
5.13324
109.053
129.005
95.2615
202.76
124.709
161.628
194.99
105.891
153.041
44.9031
105.019
492.577
413.758
503.248
403.753
833.552
765.601
746.992
1241.23
857.757
1328.61
627.66
1103.85
1011.5
2254.22
2055.03
1852.48
1415.89
1275.68
1033.95
1155.18
970.847
951.891
878.475
923.857
762.315
621.509
949.422
193.809
312.364
360.089
213.907
274.807
34.8707
88.6517
237.492
161.786
80.8234
235.417
44.7187
179.508
139.508
7.37208
139.24
4.54881
39.5375
81.5611
10.418
62.2677
84.1614
89.744
27.2571
38.593
18.163
10.7883
10.573
15.9636
4.39973
4.44007
1.20508
1.68048
8.11204
0
0
0
2.94425
